114,0
113,1
112,2
111,3
110,4
109,5
108,6
107,7
106,8
105,9
106,10
105,11
105,12
104,13
104,14
105,15
104,16
105,17
104,18
103,19
102,20
101,21
100,22
99,23
98,24
97,25
96,26
95,27
94,28
93,29
93,30
92,31
91,32
90,33
89,34
90,35
89,36
88,37
87,38
86,39
85,40
84,41
85,42
86,43
87,44
86,45
87,46
88,47
87,48
88,49
89,50
90,51
91,52
90,53
89,54
89,55
90,56
90,57
90,58
90,59
90,60
91,61
92,62
93,63
93,64
93,65
94,66
94,67
94,68
93,69
92,70
91,71
91,72
91,73
91,74
91,75
91,76
92,77
91,78
90,79
91,80
91,81
90,82
89,83
88,84
88,85
88,86
88,87
89,88
90,89
89,90
89,91
90,92
90,93
89,94
89,95
89,96
90,97
90,98
89,99
88,100
87,101
86,102
85,103
84,104
83,105
82,106
81,107
82,108
81,109
81,110
81,111
81,112
80,113
79,114
78,115
77,116
76,117
76,118
76,119
75,120
75,121
75,122
74,123
73,124
72,125
71,126
70,127
69,128
68,129
67,130
66,131
65,132
64,133
63,134
62,135
61,136
60,137
59,138
58,139
57,140
56,141
55,142
54,143
53,144
52,145
51,146
51,147
52,148
53,149
53,150
53,151
54,152
54,153
53,154
53,155
52,156
51,157
50,158
49,159
48,160
47,161
46,162
45,163
44,164
43,165
42,166
41,167
42,168
41,169
40,170
41,171
42,172
42,173
41,174
42,175
43,176
43,177
42,178
43,179
44,180
44,181
45,182
46,183
47,184
48,185
49,186
50,187
49,188
48,189
48,190
47,191
48,192
49,193
50,194
50,195
51,196
52,197
53,198
54,199
55,200
55,201
55,202
56,203
56,204
57,205
57,206
57,207
58,208
57,209
57,210
58,211
57,212
58,213
59,214
60,215
61,216
61,217
62,218
61,219
61,220
62,221
63,222
64,223
65,224
64,225
65,226
66,227
67,228
68,229
69,230
70,231
69,232
70,233
71,234
72,235
73,236
74,237
75,238
76,239
75,240
74,241
73,242
72,243
71,244
70,245
71,246
72,247
71,248
72,249
71,250
72,251
72,252
73,253
74,254
75,255
76,256
77,257
78,258
79,259
78,260
79,261
78,262
79,263
80,264
81,265
82,266
81,267
82,268
83,269
84,270
85,271
86,272
85,273
86,274
86,275
87,276
88,277
89,278
90,279
89,280
89,281
90,282
91,283
92,284
93,285
92,286
91,287
92,288
93,289
94,290
95,291
94,292
94,293
95,294
94,295
93,296
92,297
93,298
94,299
95,300
96,301
97,302
98,303
97,304
98,305
98,306
97,307
98,308
98,309
97,310
97,311
98,312
98,313
99,314
100,315
101,316
102,317
101,318
100,319
99,320
99,321
98,322
98,323
98,324
97,325
98,326
99,327
100,328
99,329
99,330
98,331
98,332
98,333
97,334
96,335
95,336
94,337
93,338
92,339
91,340
90,341
89,342
88,343
87,344
86,345
85,346
85,347
84,348
83,349
83,350
84,351
83,352
84,353
85,354
85,355
84,356
85,357
86,358
87,359
86,360
87,361
88,362
87,363
88,364
89,365
90,366
91,367
92,368
93,369
93,370
94,371
93,372
94,373
95,374
96,375
96,376
97,377
98,378
99,379
100,380
101,381
102,382
103,383
104,384
105,385
106,386
107,387
108,388
109,389
110,390
111,391
112,392
113,393
114,394
115,395
116,396
117,397
118,398
117,399
117,400
116,401
117,402
118,403
117,404
118,405
119,406
120,407
119,408
120,409
121,410
122,411
122,412
123,413
124,414
125,415
126,416
127,417
128,418
129,419
128,420
127,421
126,422
126,423
125,424
126,425
127,426
128,427
127,428
128,429
127,430
128,431
129,432
130,433
130,434
131,435
132,436
131,437
132,438
132,439
132,440
133,441
133,442
134,443
135,444
136,445
135,446
134,447
135,448
136,449
137,450
138,451
139,452
140,453
140,454
141,455
142,456
143,457
144,456
145,457
146,456
147,457
148,458
149,459
150,458
151,458
152,458
153,457
154,458
155,459
156,458
157,457
158,458
159,458
160,458
161,457
162,457
163,458
164,457
165,457
166,456
167,455
168,454
169,453
170,454
171,455
172,454
173,455
174,456
175,455
176,454
177,454
178,455
179,456
180,455
181,454
182,453
183,452
184,451
185,450
186,449
187,448
188,447
189,446
190,445
191,444
192,443
193,444
194,445
195,444
196,444
197,443
198,442
199,441
200,441
201,440
202,439
203,438
204,437
205,436
206,435
207,434
208,433
209,432
210,431
211,430
212,429
213,428
214,427
215,426
216,425
217,424
218,423
219,422
220,421
221,420
222,419
223,418
224,417
225,416
226,415
227,414
228,413
229,412
230,411
231,410
232,409
233,408
234,407
235,406
236,405
237,404
238,403
239,402
240,401
241,400
242,399
243,398
244,397
245,396
246,395
247,394
248,393
249,392
250,391
251,390
252,389
253,388
254,387
255,386
256,385
257,384
258,383
259,382
260,381
261,380
262,379
263,378
264,377
265,376
266,375
267,374
268,373
269,372
270,371
271,370
272,369
273,368
274,367
275,366
276,365
277,364
278,363
279,362
280,361
281,360
282,359
283,358
284,357
285,356
286,355
287,354
288,353
289,354
290,355
291,354
292,355
293,356
294,357
295,358
296,359
297,358
298,359
299,360
300,359
301,358
302,357
303,356
304,355
305,354
306,353
307,352
308,351
309,351
310,352
311,351
312,350
313,349
314,349
315,348
316,347
317,346
318,345
319,344
320,343
321,344
322,343
323,342
324,343
325,342
326,342
327,342
328,342
329,341
330,340
331,339
332,338
333,337
334,336
335,335
336,334
337,333
338,332
339,331
339,330
340,329
340,328
340,327
341,326
341,325
340,324
339,323
338,322
338,321
337,320
336,319
335,318
336,317
337,316
338,315
339,314
340,313
340,312
341,311
342,310
343,309
344,308
345,307
346,306
347,305
346,304
346,303
345,302
346,301
347,300
348,299
347,298
347,297
346,296
347,295
348,294
349,293
350,292
351,291
350,290
351,289
351,288
352,287
353,286
354,285
354,284
355,283
356,282
357,281
358,280
359,279
360,278
361,277
362,276
363,275
364,274
365,274
366,273
367,272
368,271
369,271
370,270
371,271
372,272
373,273
374,272
375,271
376,270
377,269
378,268
379,267
380,266
381,265
382,264
383,265
384,264
385,265
386,264
387,264
388,264
389,263
390,264
391,265
392,264
393,265
394,266
395,265
396,266
397,267
398,268
399,269
400,270
401,271
402,270
403,271
404,272
405,273
406,274
407,275
408,276
409,277
410,278
411,279
412,280
413,281
414,282
415,283
416,284
417,285
418,286
419,287
420,288
421,289
422,288
423,289
424,290
425,290
426,289
427,290
428,291
429,290
430,291
431,290
432,291
433,292
434,291
435,292
436,292
437,293
438,294
439,295
440,296
441,297
442,298
443,299
444,300
445,301
446,302
447,303
448,304
449,305
450,306
451,307
452,308
453,309
453,310
453,311
453,312
452,313
451,314
450,315
449,316
448,317
447,318
446,319
445,320
444,321
443,322
444,323
443,324
442,325
441,326
442,327
441,328
442,329
443,330
444,331
445,332
444,333
445,334
445,335
445,336
446,337
445,338
444,339
445,340
446,341
446,342
447,343
448,344
449,345
450,346
451,347
452,348
453,349
454,350
455,351
455,352
455,353
455,354
454,355
453,356
452,357
452,358
451,359
451,360
451,361
451,362
450,363
449,364
448,365
447,366
448,367
447,368
446,369
445,370
445,371
445,372
445,373
445,374
444,375
444,376
443,377
442,378
441,379
440,380
439,381
438,382
437,383
436,384
435,385
434,386
433,387
432,388
431,389
430,390
429,391
428,392
427,393
426,394
425,395
424,396
423,397
422,398
421,399
420,400
419,401
418,402
417,403
416,404
415,405
414,404
413,405
412,406
411,407
410,408
409,409
408,410
407,411
406,412
405,413
404,414
403,415
402,416
401,417
400,418
399,419
398,420
397,421
396,422
395,423
394,424
393,425
392,426
391,427
390,428
389,429
388,430
387,431
386,432
385,433
384,434
385,435
384,436
384,437
383,438
384,439
383,440
384,441
385,442
386,443
387,444
388,445
388,446
387,447
388,448
387,449
388,450
389,451
388,452
387,453
388,454
388,455
389,456
390,457
391,458
392,459
392,460
391,461
392,462
393,463
392,464
391,465
392,466
393,467
392,468
393,469
394,470
394,471
394,472
393,473
392,474
391,475
390,476
389,477
388,478
389,479
390,480
391,481
390,482
391,483
391,484
390,485
389,486
388,487
387,488
386,489
387,490
388,491
389,492
390,493
391,494
391,495
390,496
390,497
391,498
392,499
